6.57084188911704    0    0
6.362765229295    0    1
2.19575633127995    0    1
6.47227926078029    0    0
2.24777549623546    2    1
6.12457221081451    0    1
0.249144421629021    1    1
1.71663244353183    2    0
5.5605749486653    0    0
0.996577686516085    0    1
2.19849418206708    2    1
4.58590006844627    2    0
6.46406570841889    0    1
0.399726214921287    0    0
4.9637234770705    1    1
1.94113620807666    2    1
0.0684462696783025    2    0
0.0355920602327173    1    1
2.06981519507187    2    0
0.684462696783025    1    0
6.06160164271047    0    1
4.20533880903491    0    1
0.210814510609172    1    0
4.74743326488706    2    0
0.966461327857632    0    1
6.24229979466119    0    1
0.766598220396988    2    0
2.5160848733744    0    1
0.594113620807666    1    0
1.1772758384668    0    0
2.17385352498289    1    1
3.00616016427105    0    0
0.517453798767967    2    0
1.47843942505133    1    1
6.05338809034908    0    1
3.96440793976728    0    0
1.15811088295688    2    0
5.76043805612594    0    1
5.75222450376454    0    0
0.287474332648871    1    0
5.76865160848734    0    1
3.92881587953457    0    1
0.985626283367556    0    0
5.94113620807666    0    1
0.736481861738535    0    1
0.758384668035592    2    0
0.2217659137577    1    1
0.323066392881588    0    1
4.87063655030801    0    0
3.4113620807666    2    1
5.04585900068446    0    1
0.37782340862423    1    0
1.1006160164271    0    1
0.290212183436003    0    0
2.05065023956194    2    1
5.27036276522929    0    1
4.145106091718    2    1
3.04722792607803    0    1
5.00752908966461    0    0
0.498288843258042    1    0
0.908966461327858    2    1
5.11430527036276    0    1
0.487337440109514    2    0
5.00752908966461    0    1
4.80219028062971    0    0
0.681724845995893    0    1
2.33812457221081    0    0
4.92539356605065    0    1
4.38603696098563    0    1
1.97672826830938    0    0
1.35797399041752    0    1
4.7419575633128    0    1
0.229979466119097    1    0
5.25941136208077    0    1
4.06023271731691    0    0
4.83778234086242    0    1
4.52566735112936    0    1
1.3305954825462    1    0
0.525667351129363    1    1
4.62696783025325    0    0
0.501026694045175    1    1
2.26146475017112    0    0
0.574948665297741    0    0
0.536618754277892    0    1
4.52292950034223    0    1
2.60917180013689    0    0
1.82888432580424    2    1
4.4517453798768    0    1
0.238193018480493    1    0
4.60506502395619    0    1
4.38603696098563    0    0
4.54209445585216    0    1
3.66872005475702    2    0
0.249144421629021    0    1
4.10677618069815    0    0
2.39835728952772    1    1
0.407939767282683    0    0
0.479123887748118    0    1
4.2135523613963    0    1
3.4715947980835    0    1
0.722792607802875    1    0
1.91649555099247    0    0
1.87542778918549    0    1
0.777549623545517    2    1
0.63791923340178    1    0
4.21081451060917    0    0
0.550308008213552    2    1
0.454483230663929    1    0
4.21629021218344    0    1
0.410677618069815    1    0
4.06023271731691    2    1
5.39082819986311    0    1
4.6570841889117    0    0
5.06502395619439    0    1
4.94455852156057    0    0
5.07871321013005    0    0
5.07323750855578    0    1
4.10677618069815    0    1
0.243668720054757    1    0
2.69952087611225    0    1
3.13210130047912    2    0
4.50376454483231    0    0
4.49281314168378    0    0
4.38056125941136    0    0
1.21013004791239    1    0
1.4072553045859    1    1
1.75770020533881    2    1
1.63449691991786    0    1
2.77070499657769    0    0
1.38535249828884    1    1
5.40451745379877    2    0
2.57631759069131    2    1
5.61533196440794    0    1
4.10130047912389    1    0
5.11978097193703    0    1
0.635181382614648    2    1
1.78507871321013    2    0
4.54209445585216    0    1
4.41067761806982    0    0
1.12251882272416    0    1
1.99315537303217    0    0
0.996577686516085    2    1
1.81519507186858    2    0
5.71115674195756    0    0
2.54893908281999    0    1
5.1170431211499    0    0
0.843258042436687    0    0
4.75290896646133    0    1
0.183436002737851    0    1
4.145106091718    0    1
2.74058863791923    0    1
0.0383299110198494    1    1
4.98288843258042    0    0
5.21013004791239    0    0
4.49555099247091    0    1
4.63518138261465    0    0
0.432580424366872    2    1
3.14579055441478    2    0
0.131416837782341    1    1
0.577686516084873    2    1
0.0766598220396988    0    0
0.49555099247091    1    0
0.462696783025325    0    1
5.05954825462012    2    0
0.454483230663929    2    1
5.00479123887748    0    0
4.90896646132786    0    1
0.881587953456537    0    1
0.884325804243669    2    0
4.04106776180698    0    0
4    0    0
4.99931553730322    0    1
0.309377138945927    1    1
1.02395619438741    0    1
0.539356605065024    0    0
3.97535934291581    0    1
0.424366872005476    2    0
0.520191649555099    1    1
0.249144421629021    1    0
2.03422313483915    0    0
1.39630390143737    2    1
1.40451745379877    2    1
2.71594798083504    0    1
0.446269678302533    2    0
0.229979466119097    1    0
1.07323750855578    1    1
1.03490759753593    1    0
5.13620807665982    0    1
3.53456536618754    0    1
3.2498288843258    0    1
1.44010951403149    0    0
1.01574264202601    0    0
2.43121149897331    0    1
0.9637234770705    0    1
4.0684462696783    0    0
0.49555099247091    0    0
1.3305954825462    1    1
3.58110882956879    2    1
3.71526351813826    0    0
3.83025325119781    0    0
2.01232032854209    2    0
3.65776865160849    0    0
3.63860369609856    0    1
3.53182751540041    0    0
0.210814510609172    1    1
3.63860369609856    0    0
0.0985626283367557    0    0
3.08281998631075    1    0
1.51676933607118    2    0
1.46201232032854    0    1
0.386036960985626    1    1
1.1772758384668    2    1
3.00342231348392    0    0
0.969199178644764    0    1
1.02669404517454    1    0
2.11362080766598    2    1
2.63107460643395    0    0
2.64202600958248    0    1
0.503764544832307    0    1
1.21834360027379    0    0
2.2861054072553    0    0
2.05612594113621    0    1
1.30047912388775    0    1
2.06160164271047    0    0
2.03148528405202    0    1
0.306639288158795    0    0
1.29774127310062    2    1
0.862422997946612    0    0
2.03148528405202    0    0
0.982888432580424    0    1
1.96030116358658    0    0
2.03148528405202    0    1
0.101300479123888    1    0
1.98767967145791    0    1
0.605065023956194    1    0
1.45927446954141    2    1
0.725530458590007    0    0
1.60438056125941    0    1
0.281998631074606    1    0
1.40177960301164    0    1
0.328542094455852    1    0
1.24298425735797    0    0
1.22108145106092    0    0
0.517453798767967    0    1
1.12251882272416    2    1
1.99315537303217    0    1
2.02327173169062    0    0
2.02327173169062    0    1
0.974674880219028    0    0
1.59069130732375    0    1
0.766598220396988    0    1
1.15263518138261    0    0
0.465434633812457    0    0
0.747433264887064    1    1
1.9356605065024    0    1
2.92950034223135    2    1
1.72484599589322    0    0
2.76522929500342    2    1
2.81177275838467    0    0
1.74401095140315    0    1
1.91375770020534    2    0
1.38535249828884    1    1
1.97399041752225    0    0
0.709103353867214    0    1
0.785763175906913    0    0
2.97330595482546    0    1
3.04722792607803    0    0
1.46201232032854    0    0
5.4154688569473    0    0
1.61259411362081    2    0
0.251882272416153    2    1
4.82135523613963    0    1
3.07460643394935    0    1
2.91307323750856    0    0
2.52977412731006    0    1
0.27378507871321    0    0
3.73716632443532    2    1
0.473648186173854    0    1
0.583162217659138    1    0
0.394250513347023    0    1
1.73579739904175    0    1
0.854209445585216    2    0
0.479123887748118    1    0
1.6208076659822    0    0
2.60643394934976    0    1
1.08418891170431    1    0
0.229979466119097    0    1
0.996577686516085    0    0
0.265571526351814    2    0
0.996577686516085    0    1
0.114989733059548    1    0
0.249144421629021    2    1
2.47227926078029    0    1
2.41752224503765    0    1
2.24503764544832    0    0
2.26420260095825    0    1
0.284736481861739    1    1
2.10814510609172    2    0
1.3990417522245    2    0
1.31143052703628    0    0
1.20739219712526    0    1
1.21013004791239    0    0
1.01848049281314    0    1
2.47227926078029    0    0
4.27378507871321    0    0
0.427104722792608    1    1
3.79466119096509    0    1
2.90759753593429    0    0
0.574948665297741    0    1
1.85352498288843    0    0
1.45653661875428    0    1
1.80971937029432    2    1
1.53045859000684    1    0
1.57152635181383    0    0
0.498288843258042    2    1
0.153319644079398    1    1
2.03148528405202    0    0
3.16221765913758    0    0
2.67488021902806    2    1
3.74537987679671    2    1
2.05065023956194    0    0
1.22655715263518    2    0
0.939082819986311    0    1
3.20328542094456    0    0
1.97672826830938    1    1
0.632443531827515    1    1
0.65160848733744    2    0
0.982888432580424    0    0
2.03148528405202    0    1
1.95482546201232    0    0
1.3223819301848    0    1
1.5523613963039    0    0
1.36071184120465    0    1
1.07323750855578    0    0
1.25941136208077    0    0
1.9356605065024    0    0
0.20807665982204    1    1
0.574948665297741    0    1
2.35181382614648    0    1
0.65160848733744    0    0
0.536618754277892    2    1
1.54688569472964    0    0
2.85831622176591    0    0
3.73716632443532    0    0
0.232717316906229    0    1
0.517453798767967    1    0
0.514715947980835    1    0
1.76043805612594    0    1
1.81519507186858    1    0
1.55509924709103    1    1
0.440793976728268    2    0
2.61738535249829    0    1
0.980150581793292    2    0
2.6611909650924    0    0
0.539356605065024    2    1
1.13894592744695    2    0
2.32169746748802    0    0
1.05681040383299    0    1
2.03422313483915    0    1
0.473648186173854    1    0
2.02874743326489    0    0
0.424366872005476    0    0
1.93839835728953    0    1
1.56878850102669    0    1
1.30047912388775    0    1
0.229979466119097    1    0
2.07802874743326    0    1
2.68583162217659    2    1
1.01300479123888    0    1
2.00684462696783    0    0
0.344969199178645    1    1
0.574948665297741    1    0
1.5523613963039    0    1
1.24572210814511    0    1
4.8870636550308    0    0
5.23203285420945    0    1
1.34154688569473    0    1
1.95482546201232    0    0
0.279260780287474    1    0
2.68309377138946    0    1
1.08966461327858    0    1
1.95482546201232    0    1
0.353182751540041    2    0
0.287474332648871    0    0
1.13073237508556    0    1
3.87679671457906    0    1
0.698151950718686    1    0
3.29911019849418    0    0
2.95140314852841    0    1
2.88021902806297    2    0
2.40109514031485    2    1
1.00479123887748    0    1
1.61533196440794    0    0
0.982888432580424    0    0
5.41273100616016    0    1
1.83983572895277    0    0
0.92539356605065    2    1
3.16221765913758    2    0
1.09240246406571    0    1
1.30321697467488    0    1
3.27994524298426    0    0
0.364134154688569    0    1
2.31622176591376    0    0
1.44010951403149    0    1
2.89390828199863    0    1
1.87816563997262    2    1
3.67967145790554    0    0
1.93839835728953    2    1
2.13552361396304    0    1
1.47296372347707    0    0
1.16632443531828    2    0
3.95619438740589    0    0
0.490075290896646    1    0
0.344969199178645    0    0
1.14989733059548    0    1
2.97056810403833    1    0
3.1129363449692    2    1
1.05407255304586    0    0
1.94934976043806    0    1
1.05407255304586    0    0
1.89733059548255    0    1
0.147843942505133    1    0
3.35386721423682    2    1
2.24503764544832    0    1
1.13073237508556    0    0
1.35797399041752    0    1
4.08487337440109    0    1
1.20739219712526    1    0
3.98631074606434    0    0
3.86858316221766    0    1
3.83572895277207    0    0
0.75564681724846    2    1
2.28336755646817    0    0
1.07049965776865    0    1
3.58384668035592    0    0
3.564681724846    0    1
1.13073237508556    0    1
3.38945927446954    0    0
2.26694045174538    0    1
3.28815879534565    0    0
3.25530458590007    0    1
1.01848049281314    2    0
2.94866529774127    0    1
0.687200547570157    2    0
0.958247775496235    1    1
2.45311430527036    0    0
0.922655715263518    2    1
0.249144421629021    2    1
2.62833675564682    0    0
1.52224503764545    2    1
2.19849418206708    1    0
2.27789185489391    0    1
0.153319644079398    2    0
0.054757015742642    1    0
2.20396988364134    0    1
2.03148528405202    0    0
0.15605749486653    1    0
2.12731006160164    0    1
0.465434633812457    2    0
1.59342915811088    2    1
1.72758384668036    2    1
1.34154688569473    0    1
0.292950034223135    1    1
1.55509924709103    0    0
1.63997262149213    0    0
0.97741273100616    1    0
1.44010951403149    0    1
1.05407255304586    2    1
2.17385352498289    2    1
0.498288843258042    0    1
0.97741273100616    1    0
2.01232032854209    0    0
3.06639288158795    0    1
2.08624229979466    1    1
0.503764544832307    2    0
2.95414099931554    0    0
1.42368240930869    1    1
0.473648186173854    1    1
1.21560574948665    0    1
0.459958932238193    1    0
0.574948665297741    0    1
0.583162217659138    0    1
2.1492128678987    0    0
0.134154688569473    2    1
1.11978097193703    0    1
0.525667351129363    0    0
1.3223819301848    0    1
1.11430527036277    0    1
2.16563997262149    0    0
2.05338809034908    0    1
1.59069130732375    0    0
0.243668720054757    0    1
1.05954825462012    2    1
5.60438056125941    0    0
4.79945242984257    0    1
0.287474332648871    2    0
2.98973305954825    0    1
1.51403148528405    0    0
2.97056810403833    0    1
2.06981519507187    0    0
1.5523613963039    0    0
0.898015058179329    0    0
2.8911704312115    2    0
1.99041752224504    0    1
4.50102669404517    0    0
2.91307323750856    0    1
0.498288843258042    1    0
3.05270362765229    0    1
1.79055441478439    2    0
2.03969883641342    0    1
1.79055441478439    0    1
0.134154688569473    1    0
0.265571526351814    2    1
3.90965092402464    0    0
1.56331279945243    0    1
1.49486652977413    0    1
1.09240246406571    0    0
0.714579055441478    1    0
1.27583846680356    2    1
1.99863107460643    0    0
1.90006844626968    0    1
1.48665297741273    2    0
3.58384668035592    0    1
0.490075290896646    0    1
2.79808350444901    0    0
1.38809034907598    1    1
0.835044490075291    0    0
0.0355920602327173    1    0
2.09719370294319    0    0
0.65160848733744    2    0
0.996577686516085    2    0
0.791238877481177    0    0
4.72005475701574    0    0
3.20876112251882    0    1
3.08008213552361    2    1
1.01574264202601    0    1
1.99315537303217    0    1
3.1129363449692    0    0
0.317590691307324    2    0
1.59069130732375    0    0
0.498288843258042    0    1
1.65913757700205    0    0
2.3791923340178    0    0
1.1006160164271    0    1
1.50034223134839    0    0
1.45653661875428    0    1
0.974674880219028    0    0
2.22313483915127    0    0
5.00752908966461    0    0
6.11088295687885    0    1
6.34360027378508    0    1
6.20944558521561    0    0
5.88364134154689    0    1
6.11635865845311    0    0
6.1492128678987    0    1
0.555783709787817    0    0
0.635181382614648    2    1
1.08692676249144    1    1
3.86858316221766    0    0
5.13620807665982    0    1
5.1772758384668    0    1
1.99315537303217    2    1
2.06981519507187    0    0
4.29295003422313    2    0
1.22108145106092    2    1
4.65160848733744    2    1
4.7337440109514    0    0
1.65913757700205    1    0
1.83983572895277    0    1
0.678986995208761    2    0
4.36960985626283    0    1
4.34770704996578    0    0
4.32580424366872    0    1
4.45448323066393    2    0
0.506502395619439    1    0
2.29979466119096    2    0
4.49555099247091    0    1
5.20465434633812    0    0
4.67624914442163    0    1
1.22655715263518    2    1
4.56399726214921    0    0
0.867898699520876    0    1
5.28405201916496    0    1
1.59342915811088    1    0
4.13415468856947    0    1
2.88021902806297    0    0
2.18754277891855    0    1
2.36550308008214    0    0
1.94661190965092    0    1
3.34565366187543    0    1
3.34839151266256    0    0
4.35592060232717    0    0
4.71731690622861    0    1
0.42984257357974    2    0
0.574948665297741    2    1
1.37166324435318    0    1
1.07597535934292    2    1
2.68309377138946    0    1
4.7337440109514    0    0
3.06639288158795    0    1
3.04722792607803    0    1
2.01232032854209    2    0
0.125941136208077    1    0
0.996577686516085    2    1
0.172484599589322    1    0
