11
13
4
13
3
7
1
4
9
4
6
8
15
2
9
6
1
1
4
1
9
13
1
7
3
10
3
1
1
4
5
6
1
5
8
5
3
8
11
1
9
11
3
7
3
3
1
1
9
8
10
3
2
1
5
11
7
5
10
3
1
8
2
9
10
2
7
8
8
4
4
8
1
8
8
14
8
4
1
8
2
6
1
1
7
5
6
9
2
8
7
9
7
1
7
8
1
1
6
5
2
5
5
3
3
8
3
1
7
1
5
10
11
7
8
7
7
6
1
6
6
6
8
6
1
1
3
3
8
4
8
1
12
7
10
2
4
10
8
3
6
6
7
12
7
12
2
7
1
6
5
1
7
14
12
9
2
6
1
3
1
2
2
10
2
7
9
3
4
7
6
8
1
3
2
6
2
2
1
3
4
5
5
2
1
3
4
7
6
6
4
3
5
3
6
2
4
5
7
6
9
6
6
7
1
6
1
5
2
4
2
2
5
4
4
4
5
4
2
4
5
4
4
4
4
1
3
3
3
3
5
4
1
5
2
5
3
4
2
4
1
2
4
1
3
5
4
4
2
4
2
3
2
2
4
5
4
3
3
3
3
2
4
3
2
7
5
4
12
4
2
7
5
6
5
1
5
3
2
1
4
4
2
4
7
2
1
3
1
2
1
1
5
6
6
6
1
5
5
4
4
4
4
10
11
1
8
7
2
4
5
2
3
3
1
1
5
5
6
5
4
4
4
6
5
1
2
3
5
5
5
3
3
3
4
4
1
2
6
3
2
4
7
8
1
2
2
4
2
5
2
5
3
6
2
3
5
3
7
2
4
2
5
5
5
1
4
9
3
3
1
2
4
3
11
12
3
4
1
6
3
3
1
1
3
7
2
6
2
5
5
3
4
3
10
3
6
4
2
4
5
1
5
4
5
6
6
5
6
4
3
7
1
2
3
2
3
3
4
3
2
1
8
4
2
3
7
4
9
8
10
3
6
3
5
8
4
7
5
6
6
3
7
3
2
6
4
1
6
5
6
5
1
1
7
4
1
5
1
4
5
4
1
4
7
3
4
4
6
2
3
5
2
4
1
5
5
2
3
1
2
1
3
1
3
1
2
3
5
4
4
1
3
8
7
1
7
4
6
4
4
3
6
5
12
6
1
5
7
4
4
1
2
8
4
4
4
2
5
5
4
4
5
2
4
3
3
1
5
2
3
2
9
7
3
3
5
7
1
3
2
4
8
4
5
4
3
4
8
8
10
8
12
9
13
2
3
3
8
11
8
5
4
8
3
15
8
4
4
2
9
8
7
7
2
7
6
9
10
4
7
2
12
1
7
6
5
5
5
7
6
8
9
4
4
3
3
4
9
6
5
1
1
4
1
